Москва 0 3,179266 0,125126
Москва 1 15,437025 19,330424
Москва 2 -1,006348 58,500931
Москва 3 19,798120 35,029145
Москва 4 12,330241 82,284005
Москва 5 17,947172 17,410810
Москва 6 0,676748 71,050142
Москва 7 -24,250771 30,399487
Москва 8 -6,777398 9,140294
Москва 9 -16,705069 14,731285
Москва 10 -2,715384 98,852504
Москва 11 -24,766533 11,908322
Москва 12 -6,105991 0,891140
Москва 13 3,559221 53,166295
Москва 14 5,358287 60,176397
Москва 15 8,152257 16,623432
Москва 16 -7,393872 45,078890
Москва 17 5,384228 5,703909
Москва 18 15,130314 78,331858
Москва 19 -9,902493 51,988281
Москва 20 11,333811 87,597278
Москва 21 21,285897 95,590075
Москва 22 -17,883084 53,935362
Москва 23 -13,233589 46,208075
Москва 24 -14,519944 86,223945
Москва 25 17,182684 77,965636
Москва 26 24,984741 99,679556
Москва 27 -5,378124 61,149937
Москва 28 -10,135960 26,621296
Москва 29 -23,812830 84,014405
Питер 0 -20,368816 37,586596
Питер 1 -22,189245 67,720573
Питер 2 20,939512 0,878933
Питер 3 -11,355174 27,588733
Питер 4 9,559160 58,790857
Питер 5 11,324656 83,761101
Питер 6 -14,732047 48,493912
Питер 7 -1,577044 74,373608
Питер 8 22,457808 45,796075
Питер 9 -19,586016 74,443800
Питер 10 -5,738243 59,904782
Питер 11 5,448317 73,500778
Питер 12 -6,933042 57,240516
Питер 13 -13,744774 15,155492
Питер 14 15,144047 42,515336
Питер 15 24,499496 51,710562
Питер 16 -7,721946 75,154881
Питер 17 7,865383 16,898099
Питер 18 -21,823023 49,189734
Питер 19 0,240333 69,975890
Питер 20 22,479171 14,749596
Питер 21 20,255898 14,157537
Питер 22 -9,847560 69,289224
Питер 23 -21,481216 42,655721
Питер 24 9,159368 96,661275
Питер 25 18,862728 15,323344
Питер 26 4,102451 82,168035
Питер 27 -16,105380 19,135105
Питер 28 -1,236763 81,719413
Питер 29 0,196081 15,555284
Егоревск 0 -4,720450 73,201697
Егоревск 1 3,437147 27,958007
Егоревск 2 12,792596 68,224128
Егоревск 3 -1,235237 72,191534
Егоревск 4 -6,609546 12,302011
Егоревск 5 -23,245186 83,468123
Егоревск 6 8,149205 51,701407
Егоревск 7 -19,766076 42,622150
Егоревск 8 21,069216 94,933927
Егоревск 9 -7,700583 54,954680
Егоревск 10 -6,250954 47,172460
Егоревск 11 -9,156316 84,698019
Егоревск 12 -11,405530 45,609912
Егоревск 13 -10,110019 98,297067
Егоревск 14 3,363903 73,918882
Егоревск 15 13,065737 19,598987
Егоревск 16 -5,117191 83,944212
Егоревск 17 19,508194 50,090030
Егоревск 18 24,731437 2,746666
Егоревск 19 -22,474593 57,258827
Егоревск 20 -15,296640 53,132725
Егоревск 21 6,337931 84,304331
Егоревск 22 -15,107425 65,761284
Егоревск 23 -18,833735 84,215827
Егоревск 24 12,156285 10,992767
Егоревск 25 22,053438 31,406598
Егоревск 26 -8,184301 28,608051
Егоревск 27 11,654256 14,026307
Егоревск 28 10,399945 83,462020
Егоревск 29 12,360759 60,023804
Самара 0 -17,776269 25,272378
Самара 1 -21,949675 0,161748
Самара 2 17,631306 80,623798
Самара 3 -19,219794 21,057772
Самара 4 -24,287393 55,320902
Самара 5 -2,274392 11,377300
Самара 6 9,307382 75,222022
Самара 7 -21,305734 54,344310
Самара 8 -14,902951 43,671987
Самара 9 -10,482345 69,621876
Самара 10 -13,378552 43,668935
Самара 11 1,628925 57,786798
Самара 12 -16,990417 62,868130
Самара 13 23,152104 50,413526
Самара 14 21,240120 69,576098
Самара 15 -8,202612 18,994720
Самара 16 24,758904 17,835017
Самара 17 24,900815 45,744194
Самара 18 6,258583 9,750664
Самара 19 -3,113651 9,439375
Самара 20 -22,578356 93,151646
Самара 21 -10,499130 89,461959
Самара 22 13,453322 22,730186
Самара 23 -14,901425 41,071810
Самара 24 5,207221 62,807093
Самара 25 -1,682333 45,161290
Самара 26 6,736198 59,782708
Самара 27 16,439558 85,479293
Самара 28 11,045412 62,477493
Самара 29 -6,243324 56,575213
Мурманск 0 11,895352 18,427076
Мурманск 1 20,254372 55,513169
Мурманск 2 -15,552995 24,286630
Мурманск 3 9,925382 60,472427
Мурманск 4 -7,435072 58,461257
Мурманск 5 -20,980712 49,446089
Мурманск 6 5,602435 74,074526
Мурманск 7 9,556108 62,038026
Мурманск 8 -17,544328 80,452895
Мурманск 9 18,386639 57,603687
Мурманск 10 5,735191 91,155736
Мурманск 11 -22,839290 72,768334
Мурманск 12 23,826563 66,777551
Мурманск 13 3,460036 31,501205
Мурманск 14 -16,303751 30,582598
Мурманск 15 18,452254 10,855434
Мурманск 16 12,215796 85,122227
Мурманск 17 -8,654286 15,488144
Мурманск 18 -21,169927 7,934812
Мурманск 19 16,000092 64,098025
Мурманск 20 -2,587207 54,509110
Мурманск 21 -10,062716 40,897855
Мурманск 22 0,060274 46,555986
Мурманск 23 -8,848079 15,265358
Мурманск 24 -9,305857 73,799860
Мурманск 25 22,953734 82,668538
Мурманск 26 11,251411 87,334819
Мурманск 27 22,199927 30,005799
Мурманск 28 -21,713157 12,723167
Мурманск 29 1,229133 78,496658
Североморск 0 22,805719 60,963775
Североморск 1 18,781854 7,226783
Североморск 2 -8,893857 65,385907
Североморск 3 0,252541 10,480056
Североморск 4 -10,485397 22,708823
Североморск 5 2,558214 91,998047
Североморск 6 -19,273202 66,280099
Североморск 7 -6,043428 49,253822
Североморск 8 14,667959 49,681082
Североморск 9 -5,881680 50,926237
Североморск 10 1,607562 68,816187
Североморск 11 -5,240791 60,628071
Североморск 12 10,393841 0,589007
Североморск 13 6,153294 10,061953
Североморск 14 -0,424970 86,324656
Североморск 15 -0,154881 74,733726
Североморск 16 14,268166 38,010804
Североморск 17 -7,145146 55,281228
Североморск 18 6,542405 95,571764
Североморск 19 -6,287576 17,658010
Североморск 20 12,163915 13,162633
Североморск 21 5,599384 95,171972
Североморск 22 -8,507797 2,783288
Североморск 23 6,960509 5,590991
Североморск 24 17,353587 13,162633
Североморск 25 4,844050 86,431471
Североморск 26 17,698447 72,164068
Североморск 27 -18,676565 1,467940
Североморск 28 5,857265 70,790735
Североморск 29 -21,702475 21,756645
Ейск 0 6,205176 16,891995
Ейск 1 -9,029664 34,098331
Ейск 2 8,050020 36,756493
Ейск 3 15,343944 80,239265
Ейск 4 5,555132 52,653584
Ейск 5 20,030061 79,818110
Ейск 6 6,508835 14,481033
Ейск 7 -12,314982 40,241707
Ейск 8 17,759484 13,653981
Ейск 9 -3,609577 6,616413
Ейск 10 -9,885708 57,335124
Ейск 11 -13,721885 54,805139
Ейск 12 -19,468520 31,134983
Ейск 13 -18,264565 80,803858
Ейск 14 14,405499 28,424940
Ейск 15 14,481796 89,522996
Ейск 16 5,761132 74,379711
Ейск 17 17,832728 36,112552
Ейск 18 18,179113 22,849208
Ейск 19 -12,522507 22,943815
Ейск 20 24,241615 54,240547
Ейск 21 -20,928831 5,380413
Ейск 22 -3,659932 52,467421
Ейск 23 -12,060152 9,466842
Ейск 24 -13,361766 89,153722
Ейск 25 -18,745231 14,654988
Ейск 26 -20,994446 93,163854
Ейск 27 -22,064119 4,709006
Ейск 28 20,735038 33,640553
Ейск 29 -3,360851 39,860225
Сочи 0 16,859188 94,616535
Сочи 1 17,104862 53,422651
Сочи 2 -5,115665 69,353313
Сочи 3 -24,783319 25,916318
Сочи 4 22,740104 52,558977
Сочи 5 -12,945189 39,869381
Сочи 6 -12,243263 58,555864
Сочи 7 22,264016 68,401135
Сочи 8 19,511246 43,549913
Сочи 9 22,048860 0,717185
Сочи 10 14,307840 60,155034
Сочи 11 -17,878506 57,667776
Сочи 12 -5,849635 22,232734
Сочи 13 -4,103977 0,427259
Сочи 14 7,996612 8,224738
Сочи 15 -21,757408 85,509812
Сочи 16 8,103427 81,105991
Сочи 17 15,134892 69,148839
Сочи 18 9,281442 53,013703
Сочи 19 9,475234 14,276559
Сочи 20 13,886685 72,789697
Сочи 21 18,433943 3,106784
Сочи 22 10,328227 64,452040
Сочи 23 2,599414 8,545183
Сочи 24 -22,061068 94,790490
Сочи 25 -17,741173 27,497177
Сочи 26 5,999176 98,178045
Сочи 27 21,124149 29,224525
Сочи 28 9,727012 36,753441
Сочи 29 -17,204047 21,863460
Иркутск 0 1,071963 24,054689
Иркутск 1 -19,679098 90,227973
Иркутск 2 -2,913755 90,264595
Иркутск 3 14,104892 8,011109
Иркутск 4 23,719749 17,178869
Иркутск 5 18,519395 77,587207
Иркутск 6 -2,169103 21,063875
Иркутск 7 12,531663 0,375378
Иркутск 8 -4,764702 11,404767
Иркутск 9 24,630726 31,113620
Иркутск 10 -12,395856 3,857540
Иркутск 11 -12,615589 18,927580
Иркутск 12 6,015961 15,350810
Иркутск 13 21,954253 88,537248
Иркутск 14 13,982818 19,565416
Иркутск 15 7,837916 64,555803
Иркутск 16 -2,227088 90,914640
Иркутск 17 8,208716 92,129276
Иркутск 18 6,817072 15,076144
Иркутск 19 -3,897977 56,953642
Иркутск 20 2,028718 94,302194
Иркутск 21 1,822718 57,856990
Иркутск 22 -5,152287 25,528733
Иркутск 23 -23,168889 35,026093
Иркутск 24 -15,174566 79,525132
Иркутск 25 -5,529191 7,028413
Иркутск 26 -21,453749 59,074679
Иркутск 27 -17,205573 19,766839
Иркутск 28 -2,283547 64,433729
Иркутск 29 9,867397 60,429701
Анапа 0 9,223457 44,129765
Анапа 1 16,785943 39,652699
Анапа 2 -15,020447 59,221168
Анапа 3 18,800165 94,946135
Анапа 4 24,372845 39,170507
Анапа 5 19,785913 18,530839
Анапа 6 -2,896970 57,444990
Анапа 7 10,425886 62,733848
Анапа 8 -10,721915 4,962310
Анапа 9 -4,618213 26,020081
Анапа 10 10,509812 89,532151
Анапа 11 19,802698 72,844630
Анапа 12 -5,129398 39,356670
Анапа 13 -9,569842 90,386670
Анапа 14 3,528703 38,810389
Анапа 15 11,684774 35,355693
Анапа 16 11,819056 74,535356
Анапа 17 -18,034150 73,943297
Анапа 18 -11,370434 20,017090
Анапа 19 20,556505 68,044069
Анапа 20 0,882748 36,783959
Анапа 21 20,371868 10,937834
Анапа 22 0,898007 20,307016
Анапа 23 -3,073977 65,483566
Анапа 24 -20,478683 68,764306
Анапа 25 -21,211127 7,956175
Анапа 26 -7,245857 2,780236
Анапа 27 9,864345 30,722983
Анапа 28 -5,257576 14,267403
Анапа 29 8,787042 6,784265